"Name","Pos","Age","Games","Pass_Comp","Pass_Att","Pass_Yards","Pass_TD","Pass_INT","Rush_Att","Rush_Yards","Rush_TD","Rec_Tgt","Rec_Comp","Rec_Yards","Rec_TD","Fum_Lost","2PT_Made","2PT_Pass","Fan_Pts","VBD","Pos_Rk"
"Christian McCaffrey","RB","23","16","0","2","0","0","0","287","1387","15","142","116","1005","4","0","1","","355","215","1"
"Lamar Jackson","QB","22","15","265","401","3127","36","6","176","1206","7","0","0","0","0","2","","","416","152","1"
"Derrick Henry","RB","25","15","0","0","0","0","0","303","1540","16","24","18","206","2","3","","","277","136","2"
"Aaron Jones","RB","25","16","0","0","0","0","0","236","1084","16","68","49","474","3","2","","","266","125","3"
"Ezekiel Elliott","RB","24","16","0","0","0","0","0","301","1357","12","71","54","420","2","2","","","258","117","4"
"Dalvin Cook","RB","24","14","0","0","0","0","0","250","1135","13","63","53","519","0","2","","","239","99","5"
"Michael Thomas","WR","26","16","0","0","0","0","0","1","-9","0","185","149","1725","9","0","","","226","97","1"
"Travis Kelce","TE","30","16","0","0","0","0","0","1","4","1","136","97","1229","5","1","","","157","80","1"
"Nick Chubb","RB","24","16","0","0","0","0","0","298","1494","8","49","36","278","0","3","","","219","79","6"
"Austin Ekeler","RB","24","16","0","0","0","0","0","132","557","3","108","92","993","8","2","","","217","76","7"
"Mark Ingram","RB","30","15","0","0","0","0","0","202","1018","10","29","26","247","5","2","2","","217","76","8"
"Dak Prescott","QB","26","16","388","596","4902","30","11","52","277","3","0","0","0","0","2","","1","338","74","2"
"Mark Andrews","TE","23","15","0","0","0","0","0","0","0","0","98","64","852","10","1","","","143","66","2"
"Russell Wilson","QB","31","16","341","516","4110","31","5","75","342","3","0","0","0","0","2","","1","329","65","3"
"Chris Godwin","WR","23","14","0","0","0","0","0","1","8","0","121","86","1333","9","0","1","","190","61","2"
"George Kittle","TE","26","14","0","0","0","0","0","5","22","0","107","85","1053","5","0","","","138","61","3"
"Deshaun Watson","QB","24","15","333","495","3852","26","12","82","413","7","1","1","6","1","3","","1","320","56","4"
"Chris Carson","RB","25","15","0","0","0","0","0","278","1230","7","47","37","266","2","4","","","196","55","9"
"Darren Waller","TE","27","16","0","0","0","0","0","2","5","0","117","90","1145","3","1","","","131","54","4"
"Kenny Golladay","WR","26","16","0","0","0","0","0","0","0","0","116","65","1190","11","1","","","183","54","3"
"Saquon Barkley","RB","22","13","0","0","0","0","0","217","1003","6","73","52","438","2","0","","","192","52","10"
"Zach Ertz","TE","29","15","0","0","0","0","0","0","0","0","135","88","916","6","1","1","","128","51","5"
"Joe Mixon","RB","23","16","0","0","0","0","0","278","1137","5","45","35","287","3","0","","","190","50","11"
"Todd Gurley","RB","25","15","0","0","0","0","0","223","857","12","49","31","207","2","2","1","","188","48","12"
"Jared Cook","TE","32","14","0","0","0","0","0","0","0","0","65","43","705","9","0","","","125","48","6"
"Cooper Kupp","WR","26","16","0","1","0","0","0","2","4","0","134","94","1161","10","0","","","177","47","4"
"Julio Jones","WR","30","15","0","0","0","0","0","2","-3","0","157","99","1394","6","0","","","175","46","5"
"DeVante Parker","WR","26","16","0","0","0","0","0","0","0","0","128","72","1202","9","0","","","174","45","6"
"Leonard Fournette","RB","24","15","0","0","0","0","0","265","1152","3","100","76","522","0","1","","","183","43","13"
"Jameis Winston","QB","25","16","380","626","5109","33","30","59","250","1","0","0","0","0","5","2","2","305","42","5"
"Austin Hooper","TE","25","13","0","0","0","0","0","0","0","0","97","75","787","6","0","1","","117","40","7"
"Amari Cooper","WR","25","16","0","0","0","0","0","1","6","0","119","79","1189","8","0","","","168","38","7"
"Mike Evans","WR","26","13","0","0","0","0","0","0","0","0","118","67","1157","8","0","1","","166","37","8"
"A.J. Brown","WR","22","16","0","0","0","0","0","3","60","1","84","52","1051","8","0","","","165","36","9"
"DeAndre Hopkins","WR","27","15","1","2","6","1","1","2","18","0","150","104","1165","7","0","1","","165","35","10"
"Josh Jacobs","RB","21","13","0","0","0","0","0","242","1150","7","27","20","166","0","1","","","172","31","14"
"Keenan Allen","WR","27","16","0","0","0","0","0","3","16","0","149","104","1199","6","0","","","158","28","11"
"Miles Sanders","RB","22","16","0","0","0","0","0","179","818","3","63","50","509","3","1","1","","169","28","15"
"Allen Robinson","WR","26","16","0","0","0","0","0","1","2","0","154","98","1147","7","0","","","157","28","12"
"Julian Edelman","WR","33","16","2","2","47","1","0","8","27","0","153","100","1117","6","1","1","","156","27","13"
"Alvin Kamara","RB","24","14","1","1","13","0","0","171","797","5","97","81","533","1","1","","","168","27","16"
"Marlon Mack","RB","23","14","0","0","0","0","0","247","1091","8","17","14","82","0","0","1","","167","27","17"
"Jarvis Landry","WR","27","16","0","0","0","0","0","1","10","0","138","83","1174","6","0","","","154","25","14"
"Josh Allen","QB","23","16","271","461","3089","20","9","109","510","9","0","0","0","0","4","1","2","289","25","6"
"Tyler Lockett","WR","27","16","0","0","0","0","0","4","-5","0","110","82","1057","8","0","","","153","24","15"
"DJ Chark","WR","23","15","0","0","0","0","0","2","20","0","118","73","1008","8","0","1","","153","24","16"
"Kenyan Drake","RB","25","14","0","0","0","0","0","170","817","8","68","50","345","0","1","1","","164","24","18"
"Patrick Mahomes","QB","24","14","319","484","4031","26","5","43","218","2","0","0","0","0","2","","1","287","23","7"
"Phillip Lindsay","RB","25","16","0","0","0","0","0","224","1011","7","48","35","196","0","0","","","163","22","19"
"Kyler Murray","QB","22","16","349","542","3722","20","12","93","544","4","0","0","0","0","2","","3","285","22","8"
"Courtland Sutton","WR","24","16","1","1","38","0","0","3","17","0","124","72","1112","6","0","","","150","21","17"
"Stefon Diggs","WR","26","15","0","1","0","0","0","5","61","0","94","63","1130","6","3","","","149","20","18"
"John Brown","WR","29","15","1","1","28","1","0","2","7","0","115","72","1060","6","0","","","148","19","19"
"Hunter Henry","TE","25","12","0","0","0","0","0","0","0","0","76","55","652","5","1","1","","95","18","8"
"Michael Gallup","WR","23","14","0","0","0","0","0","0","0","0","113","66","1107","6","0","","","147","18","20"
"Aaron Rodgers","QB","36","16","353","569","4002","26","4","46","183","1","0","0","0","0","4","1","2","278","15","9"
"Tyler Higbee","TE","26","15","0","0","0","0","0","0","0","0","89","69","734","3","0","","","91","15","9"
"D.J. Moore","WR","22","15","0","0","0","0","0","6","40","0","135","87","1175","4","1","","","144","14","21"
"Robert Woods","WR","27","15","0","0","0","0","0","17","115","1","139","90","1134","2","0","","","143","14","22"
"Carson Wentz","QB","27","16","388","607","4039","27","7","62","243","1","0","0","0","0","7","","2","276","12","10"
"Raheem Mostert","RB","27","16","0","0","0","0","0","137","772","8","22","14","180","2","2","","","151","11","20"
"Dallas Goedert","TE","24","15","0","0","0","0","0","0","0","0","87","58","607","5","2","","","87","10","10"
"Le'Veon Bell","RB","27","15","0","0","0","0","0","245","789","3","78","66","461","1","1","1","","149","8","21"
"Mike Gesicki","TE","24","16","0","0","0","0","0","0","0","0","89","51","570","5","1","","","85","8","11"
"Calvin Ridley","WR","25","13","0","0","0","0","0","2","34","0","93","63","866","7","0","1","","134","5","23"
"David Montgomery","RB","22","16","0","0","0","0","0","242","889","6","35","25","185","1","2","","","145","5","22"
"Terry McLaurin","WR","24","14","0","0","0","0","0","0","0","0","93","58","919","7","0","","","134","5","24"
"Tyler Boyd","WR","25","16","0","0","0","0","0","4","23","0","148","90","1046","5","2","","","133","4","25"
"Matt Ryan","QB","34","15","408","616","4466","26","14","34","147","1","0","0","0","0","5","","1","267","4","11"
"Deebo Samuel","WR","23","15","0","0","0","0","0","14","159","3","81","57","802","3","1","1","","132","3","26"
"Marvin Jones","WR","29","13","0","0","0","0","0","2","0","0","91","62","779","9","0","","","132","3","27"
"Carlos Hyde","RB","29","16","0","0","0","0","0","245","1070","6","16","10","42","0","2","","","143","3","23"
"Tyreek Hill","WR","25","12","0","0","0","0","0","8","23","0","89","58","860","7","0","","","130","1","28"
"Davante Adams","WR","27","12","0","0","0","0","0","0","0","0","127","83","997","5","1","1","","130","1","29"
"Sony Michel","RB","24","16","0","0","0","0","0","247","912","7","20","12","94","0","1","","","141","","24"
"Tom Brady","QB","42","16","373","613","4057","24","8","26","34","3","0","0","0","0","1","","1","264","","12"
"Jason Witten","TE","37","16","0","0","0","0","0","0","0","0","83","63","529","4","1","1","","77","","12"
"Michael Burton","","27","10","0","0","0","0","0","0","0","0","1","0","0","0","0","","","","","1"
"Jared Goff","QB","25","16","394","626","4638","22","16","33","40","2","0","0","0","0","5","","","248","","13"
"Jimmy Garoppolo","QB","28","16","329","476","3978","27","13","46","62","1","0","0","0","0","5","","2","247","","14"
"Derek Carr","QB","28","16","361","513","4054","21","8","27","82","2","0","0","0","0","3","","","244","","16"
"Kirk Cousins","QB","31","15","307","444","3603","26","6","31","63","1","1","0","0","0","3","","1","244","","15"
"Ryan Fitzpatrick","QB","37","15","311","502","3529","20","13","54","243","4","0","0","0","0","2","","1","241","","17"
"Philip Rivers","QB","38","16","390","591","4615","23","20","12","29","0","0","0","0","0","3","","1","236","","18"
"Baker Mayfield","QB","24","16","317","534","3827","22","21","28","141","3","0","0","0","0","2","","1","229","","20"
"Gardner Minshew","QB","23","14","285","470","3271","21","6","67","344","0","0","0","0","0","7","","3","229","","19"
"Drew Brees","QB","40","11","281","378","2979","27","4","9","-4","1","0","0","0","0","0","","","225","","21"
"Ryan Tannehill","QB","31","12","201","286","2742","22","6","43","185","4","0","0","0","0","3","1","","224","","22"
"Jacoby Brissett","QB","27","15","272","447","2942","18","6","56","228","4","1","1","2","0","5","","1","217","","23"
"Daniel Jones","QB","22","13","284","459","3027","24","12","45","279","2","0","0","0","0","11","","2","215","","24"
"Andy Dalton","QB","32","13","314","528","3494","16","14","32","73","4","1","1","-4","0","4","1","1","203","","26"
"Mitchell Trubisky","QB","25","15","326","516","3138","17","10","48","193","2","0","0","0","0","2","","1","203","","25"
"Sam Darnold","QB","22","13","273","441","3024","19","13","33","62","2","0","0","0","0","3","","3","189","","27"
"Kyle Allen","QB","23","13","303","489","3322","17","16","32","106","2","0","0","0","0","7","","","177","","28"
"Matthew Stafford","QB","31","8","187","291","2499","19","5","20","66","0","0","0","0","0","3","","","167","","29"
"Devonta Freeman","RB","27","14","0","0","0","0","0","184","656","2","70","59","410","4","2","","","139","","26"
"Melvin Gordon","RB","26","12","0","0","0","0","0","162","612","8","55","42","296","1","3","","","139","","25"
"Ronald Jones","RB","22","16","0","0","0","0","0","172","724","6","40","31","309","0","2","","","135","","27"
"Adrian Peterson","RB","34","15","0","0","0","0","0","211","898","5","23","17","142","0","2","","","130","","28"
"D.K. Metcalf","WR","22","16","0","0","0","0","0","2","11","0","100","58","900","7","3","1","","129","","30"
"James White","RB","27","15","1","1","35","0","0","67","263","1","95","72","645","5","1","1","","128","","29"
"Odell Beckham","WR","27","16","1","2","20","0","0","3","10","0","133","74","1035","4","1","","","127","","31"
"Emmanuel Sanders","WR","32","17","1","1","35","1","0","0","0","0","97","66","869","5","0","1","","124","","32"
"Latavius Murray","RB","29","16","0","0","0","0","0","146","637","5","43","34","235","1","0","","","123","","30"
"Darius Slayton","WR","22","14","0","0","0","0","0","0","0","0","84","48","740","8","0","","","122","","33"
"Jamison Crowder","WR","26","16","0","0","0","0","0","1","4","0","122","78","833","6","0","","","120","","34"
"Devin Singletary","RB","22","12","0","0","0","0","0","151","775","2","41","29","194","2","1","","","119","","31"
"Cole Beasley","WR","30","15","0","0","0","0","0","0","0","0","106","67","778","6","0","2","","118","","35"
"Curtis Samuel","WR","23","16","0","0","0","0","0","19","130","1","105","54","627","6","0","","","118","","36"
"Tevin Coleman","RB","26","14","0","0","0","0","0","137","544","6","30","21","180","1","0","","","114","","32"
"James Conner","RB","24","10","0","0","0","0","0","116","464","4","38","34","251","3","1","","","112","","33"
"Mike Williams","WR","25","15","0","0","0","0","0","1","2","0","90","49","1001","2","0","","","112","","37"
"Damien Williams","RB","27","11","0","0","0","0","0","111","498","5","37","30","213","2","1","","","111","","34"
"Robby Anderson","WR","26","16","0","0","0","0","0","1","4","0","96","52","779","5","0","1","","110","","38"
"Chris Conley","WR","27","16","0","0","0","0","0","0","0","0","90","47","775","5","0","1","","110","","39"
"Duke Johnson","RB","26","16","0","0","0","0","0","83","410","2","62","44","410","3","1","","","110","","35"
"Mason Rudolph","QB","24","10","176","283","1765","13","9","21","42","0","0","0","0","0","0","","","109","","30"
"Jamaal Williams","RB","24","14","0","0","0","0","0","107","460","1","45","39","253","5","0","","","107","","36"
"David Johnson","RB","28","13","0","0","0","0","0","94","345","2","47","36","370","4","1","","","106","","37"
"Diontae Johnson","WR","23","16","0","0","0","0","0","4","41","0","92","59","680","5","2","","","104","","40"
"Case Keenum","QB","31","10","160","247","1707","11","5","9","12","1","0","0","0","0","3","","","103","","31"
"Golden Tate","WR","31","11","0","0","0","0","0","1","16","0","85","49","676","6","1","","","103","","41"
"Larry Fitzgerald","WR","36","16","0","0","0","0","0","0","0","0","109","75","804","4","1","","","102","","42"
"Breshad Perriman","WR","26","14","0","0","0","0","0","2","16","0","69","36","645","6","0","","","102","","43"
"Peyton Barber","RB","25","16","0","0","0","0","0","154","470","6","24","16","115","1","1","1","","101","","39"
"Jordan Howard","RB","25","10","0","0","0","0","0","119","525","6","14","10","69","1","0","","","101","","38"
"Tyrell Williams","WR","27","14","0","0","0","0","0","0","0","0","64","42","651","6","0","","","101","","44"
"Marquise Brown","WR","22","14","0","0","0","0","0","0","0","0","71","46","584","7","0","","","100","","45"
"Randall Cobb","WR","29","15","0","1","0","0","0","3","11","0","83","55","828","3","1","","","100","","47"
"Christian Kirk","WR","23","13","0","0","0","0","0","10","93","0","108","68","709","3","0","1","","100","","46"
"Royce Freeman","RB","23","16","0","0","0","0","0","132","496","3","50","43","256","1","0","","","99","","40"
"Mecole Hardman","WR","21","16","0","0","0","0","0","4","17","0","41","26","538","6","2","","","94","","49"
"Zach Pascal","WR","25","16","0","1","0","0","0","2","16","0","72","41","607","5","0","1","","94","","48"
"LeSean McCoy","RB","31","13","0","0","0","0","0","101","465","4","34","28","181","1","2","","","91","","41"
"Dede Westbrook","WR","26","15","0","0","0","0","0","5","27","0","101","66","660","3","0","2","","91","","50"
"Teddy Bridgewater","QB","27","9","133","196","1384","9","2","28","31","0","0","0","0","0","0","","","90","","32"
"James Washington","WR","23","15","0","0","0","0","0","0","0","0","80","44","735","3","1","","","90","","51"
"Sammy Watkins","WR","26","14","0","0","0","0","0","2","12","0","90","52","673","3","1","1","","87","","52"
"Gus Edwards","RB","24","16","0","0","0","0","0","133","711","2","7","7","45","0","1","","","86","","43"
"DeAndre Washington","RB","26","16","0","0","0","0","0","108","387","3","41","36","292","0","0","","","86","","42"
"Tarik Cohen","RB","24","16","0","0","0","0","0","64","213","0","104","79","456","3","0","","","85","","44"
"Joe Flacco","QB","34","8","171","262","1822","6","5","12","20","0","0","0","0","0","3","","1","85","","34"
"Will Fuller","WR","25","11","0","0","0","0","0","0","0","0","71","49","670","3","0","","","85","","53"
"Marcus Mariota","QB","26","7","95","160","1203","7","2","24","129","0","0","0","0","0","0","","","85","","33"
"Hunter Renfrow","WR","24","13","0","0","0","0","0","0","0","0","71","49","605","4","0","","","85","","55"
"Sterling Shepard","WR","26","10","0","0","0","0","0","6","72","0","83","57","576","3","0","1","","85","","54"
"Matt Breida","RB","24","13","0","0","0","0","0","123","623","1","22","19","120","1","1","","","84","","45"
"Adam Thielen","WR","29","10","0","0","0","0","0","4","6","1","48","30","418","6","0","","","84","","56"
"Taysom Hill","QB","29","16","3","6","55","0","0","27","156","1","22","19","234","6","0","","","83","","35"
"Frank Gore","RB","36","16","0","0","0","0","0","166","599","2","16","13","100","0","0","","","82","","46"
"T.Y. Hilton","WR","30","10","0","0","0","0","0","0","0","0","68","45","501","5","0","","","80","","57"
"Kenny Stills","WR","27","13","0","0","0","0","0","0","0","0","55","40","561","4","0","","","80","","58"
"Danny Amendola","WR","34","15","1","1","19","1","0","0","0","0","97","62","678","1","0","","","79","","60"
"Alshon Jeffery","WR","29","10","0","0","0","0","0","1","2","1","73","43","490","4","0","","","79","","59"
"Dwayne Haskins","QB","22","9","119","203","1365","7","7","20","101","0","0","0","0","0","2","","1","77","","36"
"Brandin Cooks","WR","26","14","0","0","0","0","0","6","52","0","72","42","583","2","0","","","76","","62"
"Darren Fells","TE","33","16","0","0","0","0","0","0","0","0","48","34","341","7","0","","","76","","13"
"Anthony Miller","WR","25","16","0","0","0","0","0","1","-1","0","85","52","656","2","1","","","76","","63"
"Steven Sims","WR","22","16","0","1","0","0","0","9","85","1","56","34","310","4","0","","","76","","61"
"Kerryon Johnson","RB","22","8","0","0","0","0","0","113","403","3","15","10","127","1","1","","","75","","47"
"Kyle Rudolph","TE","30","16","0","0","0","0","0","0","0","0","48","39","367","6","0","1","","75","","14"
"Rex Burkhead","RB","29","13","0","0","0","0","0","65","302","3","38","27","279","0","1","","","74","","49"
"Nyheim Hines","RB","23","16","0","0","0","0","0","52","199","2","58","44","320","0","1","","","74","","50"
"Tony Pollard","RB","22","15","0","0","0","0","0","86","455","2","20","15","107","1","1","1","","74","","48"
"Boston Scott","RB","24","11","0","0","0","0","0","61","245","5","26","24","204","0","1","","","73","","51"
"Corey Davis","WR","24","15","0","0","0","0","0","0","0","0","69","43","601","2","0","","","72","","64"
"Phillip Dorsett","WR","26","14","0","0","0","0","0","3","21","0","54","29","397","5","0","","","72","","65"
"Greg Olsen","TE","34","14","0","0","0","0","0","0","0","0","82","52","597","2","0","","","72","","15"
"Chase Edmonds","RB","23","13","0","0","0","0","0","60","303","4","21","12","105","1","0","","","71","","52"
"Noah Fant","TE","22","16","0","0","0","0","0","3","-12","0","66","40","562","3","1","","","71","","16"
"JuJu Smith-Schuster","WR","23","12","0","0","0","0","0","0","0","0","70","42","552","3","1","","","71","","66"
"Jonnu Smith","TE","24","16","0","0","0","0","0","4","78","0","44","35","439","3","0","","","70","","17"
"Jack Doyle","TE","29","16","0","0","0","0","0","0","0","0","72","43","448","4","0","","","69","","18"
"Demarcus Robinson","WR","25","16","0","0","0","0","0","0","0","0","55","32","449","4","0","","","69","","67"
"Kendrick Bourne","WR","24","16","0","0","0","0","0","0","0","0","44","30","358","5","0","1","","68","","69"
"Allen Lazard","WR","24","16","0","0","0","0","0","1","21","0","52","35","477","3","0","","","68","","68"
"Drew Lock","QB","23","5","100","156","1020","7","3","18","72","0","0","0","0","0","1","","","68","","37"
"Rashaad Penny","RB","23","10","0","0","0","0","0","65","370","3","11","8","83","1","1","","","67","","53"
"John Ross","WR","25","8","0","0","0","0","0","3","4","0","56","28","506","3","1","","","67","","70"
"Evan Engram","TE","25","8","0","0","0","0","0","3","7","0","68","44","467","3","0","","","65","","19"
"Mohamed Sanu","WR","30","15","0","0","0","0","0","3","11","0","89","59","520","2","0","","","65","","71"
"Tyler Eifert","TE","29","16","0","0","0","0","0","0","0","0","63","43","436","3","0","1","","64","","21"
"Ryan Griffin","TE","29","13","0","0","0","0","0","0","0","0","41","34","320","5","0","1","","64","","20"
"Kareem Hunt","RB","24","8","0","0","0","0","0","43","179","2","44","37","285","1","0","","","64","","54"
"Willie Snead","WR","27","16","0","0","0","0","0","2","2","0","46","31","339","5","0","","","64","","72"
"Jimmy Graham","TE","33","16","0","0","0","0","0","0","0","0","60","38","447","3","0","","","63","","22"
"Auden Tate","WR","22","12","0","0","0","0","0","0","0","0","80","40","575","1","1","","","62","","73"
"Taylor Gabriel","WR","28","9","0","0","0","0","0","3","20","0","48","29","353","4","0","","","61","","74"
"Preston Williams","WR","22","8","0","0","0","0","0","0","0","0","60","32","428","3","1","","","59","","75"
"Alexander Mattison","RB","21","13","0","0","0","0","0","100","462","1","12","10","82","0","1","","","58","","55"
"Marquez Valdes-Scantling","WR","25","16","0","0","0","0","0","2","9","0","56","26","452","2","0","","","58","","76"
"Malcolm Brown","RB","26","14","0","0","0","0","0","69","255","5","6","2","16","0","0","","","57","","58"
"Jeff Driskel","QB","26","3","62","105","685","4","4","22","151","1","1","1","6","0","0","","","57","","38"
"Brian Hill","RB","24","12","0","0","0","0","0","78","323","2","14","10","69","1","0","","","57","","57"
"Jaylen Samuels","RB","23","14","4","5","35","0","1","66","175","1","57","47","305","1","1","","","57","","56"
"Tajae Sharpe","WR","25","15","0","0","0","0","0","0","0","0","35","25","329","4","0","","","57","","77"
"Eric Ebron","TE","26","11","0","0","0","0","0","0","0","0","52","31","375","3","0","","","56","","23"
"Ted Ginn","WR","34","16","0","0","0","0","0","3","18","0","56","30","421","2","0","","","56","","78"
"Nelson Agholor","WR","26","11","0","0","0","0","0","2","7","0","69","39","363","3","1","1","","55","","79"
"Cameron Brate","TE","28","16","0","0","0","0","0","0","0","0","55","36","311","4","0","","","55","","24"
"Keelan Cole","WR","26","16","0","0","0","0","0","1","6","0","35","24","361","3","0","","","55","","80"
"Blake Jarwin","TE","25","16","0","0","0","0","0","0","0","0","41","31","365","3","0","","","55","","25"
"Benny Snell","RB","21","13","0","0","0","0","0","108","426","2","4","3","23","0","1","","","55","","59"
"Jordan Akins","TE","27","16","0","0","0","0","0","0","0","0","55","36","418","2","0","","","54","","26"
"David Blough","QB","24","5","94","174","984","4","6","8","31","0","1","1","19","1","0","","","54","","40"
"Eli Manning","QB","38","4","91","147","1042","6","5","4","7","0","0","0","0","0","1","","","54","","39"
"Alex Erickson","WR","27","16","1","1","26","0","0","5","33","0","78","43","529","0","2","","","53","","82"
"Gerald Everett","TE","25","13","0","0","0","0","0","1","0","0","60","37","408","2","0","","","53","","28"
"Jacob Hollister","TE","26","11","0","0","0","0","0","0","0","0","59","41","349","3","0","","","53","","27"
"Tre'Quan Smith","WR","23","11","0","0","0","0","0","0","0","0","25","18","234","5","0","","","53","","81"
"Darrel Williams","RB","24","12","0","0","0","0","0","41","141","3","19","15","167","1","1","","","53","","60"
"Allen Hurns","WR","28","14","0","0","0","0","0","0","0","0","47","32","416","2","1","","","52","","83"
"Dawson Knox","TE","23","15","0","0","0","0","0","1","9","0","50","28","388","2","0","","","52","","29"
"Chris Thompson","RB","29","11","0","0","0","0","0","37","138","0","58","42","378","0","0","","","52","","61"
"Will Dissly","TE","23","6","0","0","0","0","0","1","7","0","27","23","262","4","0","","","51","","30"
"Devlin Hodges","QB","23","8","100","160","1063","5","8","21","68","0","0","0","0","0","1","","","51","","41"
"Russell Gage","WR","23","16","0","0","0","0","0","4","12","0","74","49","446","1","1","","","50","","84"
"Derrius Guice","RB","22","5","0","0","0","0","0","42","245","2","9","7","79","1","0","","","50","","62"
"O.J. Howard","TE","25","14","0","0","0","0","0","0","0","0","53","34","459","1","1","","","50","","31"
"Adam Humphries","WR","26","12","0","0","0","0","0","1","1","0","47","37","374","2","0","","","50","","85"
"J.D. McKissic","RB","26","16","0","0","0","0","0","38","205","0","42","34","233","1","0","","","50","","63"
"T.J. Hockenson","TE","22","12","0","0","0","0","0","0","0","0","59","32","367","2","0","","","49","","32"
"Demaryius Thomas","WR","32","11","0","0","0","0","0","0","0","0","58","36","433","1","0","","","49","","86"
"Olabisi Johnson","WR","22","16","0","0","0","0","0","1","6","0","45","31","294","3","0","","","48","","87"
"Mike Boone","RB","24","16","0","0","0","0","0","49","273","3","4","3","17","0","0","","","47","","65"
"Josh Gordon","WR","28","11","0","1","0","0","1","1","1","0","47","27","426","1","0","","","47","","88"
"Hayden Hurst","TE","26","16","0","0","0","0","0","0","0","0","39","30","349","2","0","","","47","","34"
"Foster Moreau","TE","22","13","0","0","0","0","0","0","0","0","25","21","174","5","0","","","47","","33"
"Jalen Richard","RB","26","16","0","0","0","0","0","39","145","0","43","36","323","0","0","","","47","","66"
"Jordan Wilkins","RB","25","14","0","0","0","0","0","51","307","2","11","7","43","0","0","","","47","","64"
"Vance McDonald","TE","29","14","0","0","0","0","0","1","2","0","55","38","273","3","0","","","46","","35"
"Albert Wilson","WR","27","13","1","2","20","0","0","5","45","0","62","43","351","1","0","","","46","","89"
"Patrick Laird","RB","24","15","0","0","0","0","0","62","168","1","30","23","204","0","0","1","","45","","67"
"Ricky Seals-Jones","TE","24","14","0","0","0","0","0","0","0","0","22","14","229","4","1","","","45","","36"
"Kaden Smith","TE","22","9","0","0","0","0","0","0","0","0","42","31","268","3","0","","","45","","37"
"Nick Boyle","TE","26","16","0","0","0","0","0","0","0","0","43","31","321","2","0","","","44","","38"
"Jeff Wilson","RB","24","10","0","0","0","0","0","27","105","4","5","3","34","1","0","","","44","","68"
"David Moore","WR","24","14","0","0","0","0","0","3","25","0","34","17","301","2","1","","","43","","90"
"Irv Smith","TE","21","16","0","0","0","0","0","0","0","0","47","36","311","2","0","","","43","","39"
"Brandon Bolden","RB","29","15","0","0","0","0","0","15","68","3","11","9","111","1","0","","","42","","70"
"Justice Hill","RB","22","16","0","0","0","0","0","58","225","2","15","8","70","0","0","","","42","","71"
"Cody Latimer","WR","27","15","0","0","0","0","0","0","0","0","42","24","300","2","0","","","42","","91"
"Matt Moore","QB","35","6","59","91","659","4","0","5","-1","0","0","0","0","0","0","","","42","","42"
"Bo Scarbrough","RB","23","6","0","0","0","0","0","89","377","1","4","1","5","0","1","","","42","","69"
"Geronimo Allison","WR","25","16","0","0","0","0","0","1","7","0","55","34","287","2","1","1","","41","","92"
"Josh Hill","TE","29","16","0","0","0","0","0","0","0","0","35","25","226","3","0","","","41","","40"
"Dion Lewis","RB","29","16","0","0","0","0","0","54","209","0","32","25","164","1","1","","","41","","72"
"Josh Reynolds","WR","24","16","0","0","0","0","0","5","23","0","43","21","326","1","0","","","41","","93"
"Damiere Byrd","WR","26","11","0","0","0","0","0","0","0","0","46","32","359","1","1","","","40","","94"
"Marcus Johnson","WR","25","8","0","0","0","0","0","0","0","0","33","17","277","2","0","","","40","","95"
"Dare Ogunbowale","RB","25","16","0","0","0","0","0","11","17","2","46","35","286","0","1","","","40","","73"
"Seth Roberts","WR","28","16","0","0","0","0","0","0","0","0","35","21","271","2","0","","","39","","96"
"Kalen Ballage","RB","24","12","0","0","0","0","0","74","135","3","24","14","63","0","0","","","38","","75"
"Giovani Bernard","RB","28","16","0","0","0","0","0","53","170","0","43","30","234","0","1","","","38","","74"
"Miles Boykin","WR","23","16","0","0","0","0","0","0","0","0","22","13","198","3","0","","","38","","97"
"Nick Foles","QB","30","4","77","117","736","3","2","4","23","0","0","0","0","0","2","","1","38","","43"
"Ryquell Armstead","RB","23","16","0","0","0","0","0","35","108","0","24","14","144","2","0","","","37","","76"
"Wayne Gallman","RB","25","10","0","0","0","0","0","29","110","2","15","11","102","1","1","","","37","","77"
"Kelvin Harmon","WR","23","16","1","1","11","0","0","0","0","0","44","30","365","0","0","","","37","","98"
"Paul Richardson","WR","27","10","0","0","0","0","0","1","0","0","42","28","245","2","0","","","37","","99"
"DaeSean Hamilton","WR","24","16","0","0","0","0","0","0","0","0","52","28","297","1","0","","","36","","102"
"Ty Johnson","RB","22","16","0","0","0","0","0","63","273","0","31","24","109","0","1","","","36","","78"
"Isaiah McKenzie","WR","24","15","0","0","0","0","0","8","49","0","39","27","254","1","0","","","36","","100"
"Jakobi Meyers","WR","23","15","0","0","0","0","0","0","0","0","41","26","359","0","0","","","36","","101"
"C.J. Uzomah","TE","26","16","0","0","0","0","0","0","0","0","40","27","242","2","0","","","36","","41"
"Demetrius Harris","TE","28","15","0","0","0","0","0","0","0","0","27","15","149","3","0","1","","35","","42"
"Jonathan Williams","RB","25","9","0","0","0","0","0","49","235","1","5","5","59","0","0","","","35","","79"
"Tavon Austin","WR","29","14","0","0","0","0","0","6","47","1","24","13","177","1","0","","","34","","103"
"Delanie Walker","TE","35","7","0","0","0","0","0","0","0","0","31","21","215","2","0","","","34","","43"
"Brandon Allen","QB","27","3","39","84","515","3","2","10","39","0","0","0","0","0","0","","","33","","45"
"Marvin Hall","WR","26","9","0","0","0","0","0","1","7","0","11","7","261","1","0","","","33","","104"
"Matt Schaub","QB","38","6","50","67","580","3","1","3","-3","0","0","0","0","0","1","","1","33","","44"
"Jaron Brown","WR","29","14","0","0","0","0","0","0","0","0","28","16","220","2","1","","","32","","105"
"Vyncint Smith","WR","23","13","0","0","0","0","0","3","52","1","31","17","225","0","1","","","32","","107"
"Greg Ward","WR","24","7","0","0","0","0","0","1","5","0","40","28","254","1","0","","","32","","106"
"Pharoh Cooper","WR","24","13","0","0","0","0","0","1","2","0","33","25","243","1","0","","","31","","109"
"Keke Coutee","WR","22","9","0","0","0","0","0","2","14","1","36","22","254","0","1","","","31","","108"
"Kyle Juszczyk","RB","28","12","0","0","0","0","0","3","7","0","24","20","239","1","0","","","31","","80"
"Malik Turner","WR","23","15","0","0","0","0","0","0","0","0","22","15","245","1","0","","","31","","110"
"Charles Clay","TE","30","15","0","0","0","0","0","0","0","0","24","18","237","1","0","","","30","","45"
"Qadree Ollison","RB","23","8","0","0","0","0","0","22","50","4","2","1","7","0","0","","","30","","81"
"Chester Rogers","WR","25","12","0","0","0","0","0","1","18","0","28","16","179","2","1","","","30","","111"
"Jeremy Sprinkle","TE","25","16","0","0","0","0","0","0","0","0","40","26","241","1","0","","","30","","44"
"Jarius Wright","WR","30","16","0","0","0","0","0","1","-7","0","58","28","296","0","0","","","29","","112"
"DeSean Jackson","WR","33","3","0","0","0","0","0","0","0","0","10","9","159","2","0","","","28","","113"
"Jake Kumerow","WR","27","14","0","0","0","0","0","0","0","0","21","12","219","1","0","","","28","","115"
"Scott Miller","WR","22","10","0","0","0","0","0","2","16","0","26","13","200","1","0","","","28","","116"
"Justin Watson","WR","24","16","0","0","0","0","0","0","0","0","26","15","159","2","0","","","28","","114"
"Jakeem Grant","WR","27","10","0","0","0","0","0","4","5","1","33","19","164","0","1","","","27","","118"
"N'Keal Harry","WR","22","7","0","0","0","0","0","5","49","0","24","12","105","2","0","","","27","","117"
"James O'Shaughnessy","TE","27","5","0","0","0","0","0","0","0","0","20","14","153","2","0","","","27","","46"
"Mark Walton","RB","22","7","0","0","0","0","0","53","201","0","21","15","89","0","1","","","27","","82"
"Chase Daniel","QB","33","3","45","64","435","3","2","6","6","0","0","0","0","0","0","","","26","","46"
"Anthony Firkser","TE","24","15","0","0","0","0","0","0","0","0","24","14","204","1","0","","","26","","47"
"Isaiah Ford","WR","23","8","0","0","0","0","0","1","11","0","35","23","244","0","0","","","26","","123"
"Marquise Goodwin","WR","29","9","0","0","0","0","0","1","15","0","21","12","186","1","0","","","26","","120"
"Dontrell Hilliard","RB","24","14","0","0","0","0","0","13","49","2","15","12","92","0","0","","","26","","84"
"Andy Isabella","WR","23","15","0","0","0","0","0","4","15","0","13","9","189","1","0","","","26","","119"
"Bilal Powell","RB","31","13","0","1","0","0","0","59","229","0","12","7","33","0","0","","","26","","83"
"Trey Quinn","WR","24","12","0","0","0","0","0","0","0","0","47","26","198","1","1","1","","26","","122"
"Damion Ratley","WR","24","13","0","0","0","0","0","0","0","0","24","12","200","1","0","","","26","","121"
"Maxx Williams","TE","25","16","0","0","0","0","0","0","0","0","19","15","202","1","0","","","26","","48"
"Dan Arnold","TE","24","5","0","0","0","0","0","0","0","0","14","8","127","2","0","","","25","","49"
"Ryan Finley","QB","25","3","41","87","474","2","2","10","77","0","0","0","0","0","3","","","25","","47"
"KeeSean Johnson","WR","23","10","0","0","0","0","0","1","3","0","42","21","187","1","1","1","","25","","124"
"Cordarrelle Patterson","WR","28","16","0","0","0","0","0","17","103","0","17","11","83","0","0","","","25","","125"
"Ito Smith","RB","24","7","0","0","0","0","0","22","106","1","14","11","87","0","0","","","25","","85"
"Javon Wims","WR","25","16","0","0","0","0","0","0","0","0","39","18","186","1","0","","","25","","126"
"Ameer Abdullah","RB","26","16","0","0","0","0","0","23","115","0","21","15","88","1","1","","","24","","87"
"Myles Gaskin","RB","22","7","0","0","0","0","0","36","133","1","12","7","51","0","0","","","24","","86"
"Dante Pettis","WR","24","11","1","1","16","0","0","0","0","0","24","11","109","2","0","","","24","","128"
"Laquon Treadwell","WR","24","13","0","0","0","0","0","0","0","0","16","9","184","1","0","","","24","","127"
"Olamide Zaccheaus","WR","22","10","0","0","0","0","0","0","0","0","5","3","115","1","0","","","24","","129"
"JJ Arcega-Whiteside","WR","23","16","0","0","0","0","0","0","0","0","22","10","169","1","0","","","23","","132"
"Reggie Bonnafon","RB","23","16","0","0","0","0","0","16","116","1","9","6","57","0","0","","","23","","88"
"Rhett Ellison","TE","31","10","0","0","0","0","0","0","0","0","28","18","167","1","0","","","23","","51"
"Bennie Fowler","WR","28","8","0","0","0","0","0","1","20","0","36","23","193","0","0","1","","23","","130"
"Byron Pringle","WR","26","16","0","0","0","0","0","0","0","0","16","12","170","1","0","","","23","","131"
"Darwin Thompson","RB","23","12","0","0","0","0","0","37","128","1","10","9","43","0","0","","","23","","89"
"Logan Thomas","TE","28","16","0","0","0","0","0","0","0","0","28","16","173","1","0","","","23","","50"
"Duke Williams","WR","26","4","0","0","0","0","0","0","0","0","19","12","166","1","0","","","23","","133"
"Justin Jackson","RB","24","7","0","0","0","0","0","29","200","0","11","9","22","0","0","","","22","","90"
"Zay Jones","WR","24","15","0","0","0","0","0","1","3","0","45","27","216","0","0","","","22","","134"
"Marcedes Lewis","TE","35","16","0","0","0","0","0","0","0","0","19","15","156","1","0","","","22","","52"
"Tim Patrick","WR","26","8","0","0","0","0","0","0","0","0","31","16","218","0","0","","","22","","135"
"Ross Dwelley","TE","24","16","0","0","0","0","0","0","0","0","22","15","91","2","0","","","21","","53"
"Jaeden Graham","TE","24","16","0","0","0","0","0","0","0","0","10","9","149","1","0","","","21","","54"
"C.J. Ham","RB","26","16","0","0","0","0","0","7","17","0","26","17","149","1","1","","","21","","91"
"Brian Hoyer","QB","34","4","35","65","372","4","4","8","2","0","0","0","0","0","1","","","21","","48"
"Kalif Raymond","WR","25","8","0","0","0","0","0","1","-5","0","12","9","170","1","1","","","21","","136"
"Parris Campbell","WR","22","7","0","0","0","0","0","4","34","0","24","18","127","1","1","","","20","","139"
"Derek Carrier","TE","29","16","0","0","0","0","0","1","27","0","19","13","108","1","0","","","20","","56"
"Trevor Davis","WR","26","14","0","0","0","0","0","4","73","1","11","8","111","0","2","","","20","","137"
"Justin Hardy","WR","28","16","0","0","0","0","0","0","0","0","26","19","195","0","0","","","20","","140"
"Richie James","WR","24","16","0","0","0","0","0","2","-1","0","10","6","165","1","1","","","20","","138"
"Ian Thomas","TE","23","16","0","0","0","0","0","0","0","0","30","16","136","1","0","","","20","","55"
"Matt LaCosse","TE","27","11","0","0","0","0","0","0","0","0","19","13","131","1","0","","","19","","57"
"Ty Montgomery","RB","26","16","0","0","0","0","0","32","103","0","17","13","90","0","0","","","19","","92"
"C.J. Prosise","RB","25","9","0","0","0","0","0","23","72","1","12","10","76","0","1","","","19","","93"
"Vernon Davis","TE","35","4","0","0","0","0","0","0","0","0","19","10","123","1","0","","","18","","58"
"Darrell Henderson","RB","22","13","0","0","0","0","0","39","147","0","6","4","37","0","0","","","18","","94"
"Dontrelle Inman","WR","30","7","0","0","0","0","0","0","0","0","21","12","181","0","0","","","18","","141"
"Josh Rosen","QB","22","6","58","109","567","1","5","3","13","0","0","0","0","0","0","","","18","","49"
"Jeff Heuerman","TE","27","14","0","0","0","0","0","0","0","0","20","14","114","1","0","","","17","","60"
"Travis Homer","RB","21","16","0","0","0","0","0","18","114","0","13","11","56","0","0","","","17","","95"
"Ryan Izzo","TE","24","6","0","0","0","0","0","0","0","0","9","6","114","1","0","","","17","","59"
"A.J. McCarron","QB","29","2","21","37","225","0","1","5","39","1","0","0","0","0","0","","","17","","50"
"Cam Newton","QB","30","2","50","89","572","0","1","5","-2","0","0","0","0","0","2","","","17","","51"
"Nick O'Leary","TE","27","12","0","0","0","0","0","0","0","0","18","13","109","1","0","","","17","","62"
"Devin Smith","WR","27","4","0","0","0","0","0","0","0","0","9","5","113","1","0","","","17","","142"
"Nick Vannett","TE","26","16","0","0","0","0","0","0","0","0","22","17","166","0","0","","","17","","63"
"Ben Watson","TE","39","10","0","0","0","0","0","0","0","0","24","17","173","0","0","","","17","","61"
"T.J. Yeldon","RB","26","6","0","0","0","0","0","17","63","0","15","13","124","0","1","","","17","","96"
"Andrew Beck","RB","23","16","1","1","6","0","0","1","3","0","12","9","90","1","0","","","16","","97"
"Robert Griffin","QB","29","7","23","38","225","1","2","20","70","0","0","0","0","0","0","","","16","","52"
"Hale Hentges","TE","23","11","0","0","0","0","0","0","0","0","14","8","103","1","0","","","16","","64"
"Robert Tonyan","TE","25","11","0","0","0","0","0","0","0","0","15","10","100","1","0","","","16","","65"
"Joshua Perkins","TE","26","5","0","0","0","0","0","0","0","0","13","9","87","1","0","","","15","","67"
"MyCole Pruitt","TE","27","16","0","0","0","0","0","0","0","0","8","6","90","1","0","","","15","","66"
"Wendell Smallwood","RB","25","15","0","0","0","0","0","22","81","0","13","9","64","0","0","","","15","","98"
"DeAndre Carter","WR","26","16","0","0","0","0","0","0","0","0","14","11","162","0","1","","","14","","143"
"Seth Devalve","TE","26","12","0","0","0","0","0","0","0","0","18","12","140","0","0","","","14","","69"
"Trey Edmunds","RB","25","11","0","0","0","0","0","22","92","0","7","6","48","0","0","","","14","","100"
"Virgil Green","TE","31","15","0","0","0","0","0","0","0","0","13","9","78","1","0","","","14","","70"
"Wes Hills","RB","24","1","0","0","0","0","0","10","21","2","2","2","1","0","0","","","14","","99"
"Jesse James","TE","25","16","0","0","0","0","0","0","0","0","27","16","142","0","0","","","14","","68"
"Daniel Brown","TE","27","16","0","0","0","0","0","0","0","0","11","7","72","1","0","","","13","","71"
"Keelan Doss","WR","23","8","0","0","0","0","0","0","0","0","14","11","133","0","0","","","13","","144"
"Rico Gafford","WR","23","4","0","0","0","0","0","0","0","0","2","2","66","1","0","","","13","","145"
"Mack Hollins","WR","26","16","0","0","0","0","0","0","0","0","23","10","125","0","0","","","13","","146"
"Jesper Horsted","TE","22","6","0","0","0","0","0","0","0","0","10","8","87","1","1","","","13","","73"
"Tyler Kroft","TE","27","11","0","0","0","0","0","0","0","0","14","6","71","1","0","","","13","","72"
"Ben Roethlisberger","QB","37","2","35","62","351","0","1","1","7","0","0","0","0","0","0","","","13","","53"
"Kerrith Whyte","RB","23","6","0","0","0","0","0","24","122","0","1","1","9","0","0","","","13","","101"
"Ben Braunecker","TE","25","11","0","0","0","0","0","0","0","0","11","6","59","1","0","","","12","","74"
"Antonio Brown","WR","31","1","0","0","0","0","0","1","5","0","8","4","56","1","0","","","12","","148"
"Deon Cain","WR","23","13","0","0","0","0","0","0","0","0","20","9","124","0","0","","","12","","147"
"Rashard Higgins","WR","25","10","0","0","0","0","0","0","0","0","11","4","55","1","0","","","12","","149"
"Alec Ingold","RB","23","16","0","0","0","0","0","10","17","0","6","6","44","1","0","","","12","","102"
"Javorius Allen","RB","28","10","0","0","0","0","0","10","36","1","2","1","9","0","0","","","11","","104"
"Stephen Carlson","TE","23","9","0","0","0","0","0","0","0","0","7","5","51","1","0","","","11","","76"
"Darren Sproles","RB","36","6","0","0","0","0","0","17","66","0","10","6","24","0","0","1","","11","","103"
"Tommy Sweeney","TE","24","6","0","0","0","0","0","0","0","0","13","8","114","0","0","","","11","","75"
"Brandon Zylstra","WR","26","8","0","0","0","0","0","0","0","0","12","8","106","0","0","","","11","","150"
"Marcell Ateman","WR","25","11","0","0","0","0","0","0","0","0","10","5","116","0","1","","","10","","153"
"Braxton Berrios","WR","24","16","0","0","0","0","0","0","0","0","13","6","115","0","1","","","10","","155"
"Troy Fumagalli","TE","24","11","0","0","0","0","0","0","0","0","9","6","38","1","0","","","10","","78"
"Deonte Harris","WR","22","14","0","0","0","0","0","4","31","0","6","6","24","0","1","","","10","","154"
"Andy Janovich","RB","26","7","0","0","0","0","0","1","1","1","5","5","42","0","0","","","10","","105"
"T.J. Jones","WR","27","3","0","0","0","0","0","0","0","0","4","3","38","1","0","","","10","","151"
"JJ Nelson","WR","27","2","0","0","0","0","0","0","0","0","5","4","36","1","0","","","10","","152"
"David Njoku","TE","23","4","0","0","0","0","0","0","0","0","10","5","41","1","0","","","10","","77"
"Danny Vitale","RB","26","15","0","0","0","0","0","1","3","0","12","7","97","0","0","","","10","","107"
"Derek Watt","RB","27","16","0","0","0","0","0","7","10","1","5","3","32","0","0","","","10","","106"
"Mo Alie-Cox","TE","26","16","0","0","0","0","0","0","0","0","11","8","93","0","0","","","9","","79"
"Kenjon Barner","RB","29","14","1","1","3","0","0","4","28","0","8","6","22","0","1","","","9","","110"
"Christian Blake","WR","23","9","0","0","0","0","0","0","0","0","24","11","91","0","0","","","9","","157"
"Antonio Callaway","WR","22","4","0","0","0","0","0","0","0","0","15","8","89","0","0","","","9","","158"
"Luke Falk","QB","25","3","47","73","416","0","3","0","0","0","0","0","0","0","1","","","9","","54"
"Robert Foster","WR","25","13","0","0","0","0","0","2","29","0","18","3","64","0","0","","","9","","156"
"J.P. Holtz","TE","26","15","0","0","0","0","0","0","0","0","8","7","91","0","0","","","9","","81"
"D'Ernest Johnson","RB","23","16","0","0","0","0","0","4","21","0","7","6","71","0","0","","","9","","109"
"Marshawn Lynch","RB","33","1","0","0","0","0","0","12","34","1","0","0","0","0","0","","","9","","108"
"Lee Smith","TE","32","16","0","0","0","0","0","0","0","0","5","4","31","1","0","","","9","","80"
"Alex Armah","RB","25","16","0","0","0","0","0","6","11","1","2","2","6","0","0","","","8","","112"
"Nick Bellore","RB","30","14","0","0","0","0","0","0","0","0","2","2","23","1","0","","","8","","111"
"Ventell Bryant","WR","23","12","0","0","0","0","0","0","0","0","1","1","15","1","0","","","8","","162"
"Trey Burton","TE","28","8","0","0","0","0","0","0","0","0","24","14","84","0","0","","","8","","82"
"KhaDarel Hodge","WR","24","16","0","0","0","0","0","0","0","0","10","4","76","0","0","","","8","","161"
"Trent Sherfield","WR","23","16","0","0","0","0","0","0","0","0","13","4","80","0","0","","","8","","160"
"Damion Willis","WR","22","10","0","0","0","0","0","0","0","0","16","9","82","0","0","","","8","","159"
"Luke Willson","TE","29","8","0","0","0","0","0","0","0","0","10","8","79","0","0","","","8","","83"
"Chad Beebe","WR","25","3","0","0","0","0","0","0","0","0","2","2","70","0","0","","","7","","163"
"Blake Bell","TE","28","15","0","0","0","0","0","0","0","0","15","8","67","0","0","","","7","","85"
"Devontae Booker","RB","27","16","0","0","0","0","0","2","9","0","9","6","57","0","0","","","7","","118"
"Tra Carson","RB","27","3","0","0","0","0","0","18","48","0","4","4","18","0","0","","","7","","117"
"Cethan Carter","RB","24","15","0","0","0","0","0","0","0","0","3","2","13","1","0","","","7","","115"
"Chris Hogan","WR","32","7","0","0","0","0","0","0","0","0","15","8","67","0","0","","","7","","165"
"Troymaine Pope","RB","26","14","0","0","0","0","0","10","20","0","3","2","14","1","1","","","7","","113"
"Riley Ridley","WR","23","5","0","0","0","0","0","0","0","0","7","6","69","0","0","","","7","","164"
"Adam Shaheen","TE","25","8","0","0","0","0","0","0","0","0","13","9","74","0","1","1","","7","","84"
"Durham Smythe","TE","24","16","0","0","0","0","0","0","0","0","14","7","65","0","0","","","7","","86"
"Geoff Swaim","TE","26","6","0","0","0","0","0","0","0","0","17","13","65","0","0","","","7","","87"
"Spencer Ware","RB","28","3","0","0","0","0","0","17","51","0","7","5","22","0","0","","","7","","114"
"Dwayne Washington","RB","25","16","0","0","0","0","0","8","60","0","1","1","6","0","0","","","7","","116"
"Matt Barkley","QB","29","2","27","51","359","0","3","2","-4","0","0","0","0","0","1","","","6","","57"
"Tyler Conklin","TE","24","15","0","0","0","0","0","0","0","0","10","8","58","0","0","","","6","","89"
"Brett Hundley","QB","26","3","5","11","49","0","0","7","41","0","0","0","0","0","0","","","6","","55"
"Tevin Jones","WR","27","5","0","0","0","0","0","0","0","0","10","4","61","0","0","","","6","","166"
"Chris Lacy","WR","23","7","0","0","0","0","0","0","0","0","10","3","60","0","0","","","6","","167"
"Zach Line","RB","29","12","0","0","0","0","0","7","20","0","10","6","36","0","0","","","6","","119"
"Andre Patton","WR","25","13","0","0","0","0","0","0","0","0","17","6","56","0","0","","","6","","168"
"Tyrod Taylor","QB","30","8","4","6","33","1","0","10","7","0","1","0","0","0","0","","","6","","56"
"Clive Walford","TE","28","7","0","0","0","0","0","0","4","0","8","4","57","0","0","","","6","","88"
"Khari Blasingame","RB","23","6","0","0","0","0","0","0","0","0","5","4","54","0","0","","","5","","120"
"Deontay Burnett","WR","22","1","0","0","0","0","0","0","0","0","4","2","48","0","0","","","5","","170"
"Mike Davis","RB","26","12","0","0","0","0","0","13","27","0","8","7","22","0","0","","","5","","123"
"Patrick DiMarco","RB","30","16","0","0","0","0","0","3","7","0","7","5","41","0","0","","","5","","125"
"Jon Hilliman","RB","24","3","0","0","0","0","0","30","91","0","4","3","1","0","2","","","5","","121"
"Alexander Hollins","WR","23","5","0","0","0","0","0","0","0","0","4","2","46","0","0","","","5","","171"
"Taiwan Jones","RB","31","11","0","0","0","0","0","9","40","0","1","1","9","0","0","","","5","","124"
"Lance Kendricks","TE","31","12","0","0","0","0","0","0","0","0","7","3","50","0","0","","","5","","92"
"Devine Ozigbo","RB","23","10","0","0","0","0","0","9","27","0","5","3","23","0","0","","","5","","122"
"Elijhaa Penny","RB","26","16","0","0","0","0","0","15","39","0","4","2","9","0","0","","","5","","126"
"Luke Stocker","TE","31","15","0","0","0","0","0","0","0","0","14","8","53","0","0","","","5","","90"
"Trevon Wesco","TE","24","16","0","0","0","0","0","1","2","0","3","2","47","0","0","","","5","","93"
"DeAndrew White","WR","28","10","0","0","0","0","0","0","0","0","9","4","51","0","0","","","5","","169"
"Cedrick Wilson","WR","24","6","0","0","0","0","0","0","0","0","8","5","46","0","0","","","5","","172"
"Deon Yelder","TE","24","9","0","0","0","0","0","0","0","0","4","3","50","0","0","","","5","","91"
"C.J. Anderson","RB","28","2","0","0","0","0","0","16","43","0","0","0","0","0","0","","","4","","127"
"Geremy Davis","WR","27","7","0","0","0","0","0","0","0","0","3","3","38","0","0","","","4","","174"
"Mike Glennon","QB","30","2","6","10","56","1","0","2","0","0","0","0","0","0","1","","","4","","59"
"Colt McCoy","QB","33","1","18","27","122","0","1","2","14","0","0","0","0","0","0","","","4","","58"
"Steven Mitchell","WR","25","3","0","0","0","0","0","0","0","0","6","2","37","0","0","","","4","","175"
"Jason Moore","WR","24","10","0","0","0","0","0","0","0","0","5","2","43","0","0","","","4","","173"
"Paul Perkins","RB","25","4","0","0","0","0","0","12","29","0","1","1","9","0","0","","","4","","128"
"Jay Ajayi","RB","26","3","0","0","0","0","0","10","30","0","1","0","0","0","0","","","3","","130"
"Travis Benjamin","WR","30","5","0","0","0","0","0","0","0","0","16","6","30","0","0","","","3","","181"
"C.J. Board","WR","26","4","0","0","0","0","0","0","0","0","4","2","31","0","0","","","3","","179"
"Pharaoh Brown","TE","25","9","0","0","0","0","0","0","0","0","3","2","27","0","0","","","3","","96"
"Cody Core","WR","25","16","0","0","0","0","0","0","0","0","5","3","28","0","0","","","3","","183"
"Dalyn Dawkins","RB","25","2","0","0","0","0","0","11","26","0","1","0","0","0","0","","","3","","131"
"Devin Funchess","WR","25","1","0","0","0","0","0","0","0","0","5","3","32","0","0","","","3","","178"
"Johnny Holton","WR","28","16","0","0","0","0","0","1","9","0","15","3","21","0","0","","","3","","182"
"Tanner Hudson","TE","25","9","0","0","0","0","0","0","0","0","5","2","26","0","0","","","3","","97"
"Ishmael Hyman","WR","24","2","0","0","0","0","0","0","0","0","4","2","34","0","0","","","3","","176"
"Jordan Matthews","WR","27","3","0","0","0","0","0","0","0","0","12","4","33","0","0","","","3","","177"
"Codey McElroy","WR","27","1","0","0","0","0","0","0","0","0","1","1","30","0","0","","","3","","180"
"Johnny Mundt","TE","25","13","0","0","0","0","0","0","0","0","7","4","26","0","0","","","3","","98"
"Andre Roberts","WR","31","13","0","0","0","0","0","1","7","0","7","3","20","0","0","","","3","","187"
"Drew Sample","TE","23","9","0","0","0","0","0","0","0","0","6","5","30","0","0","","","3","","95"
"Da'Mari Scott","WR","24","5","0","0","0","0","0","1","5","0","3","2","22","0","0","","","3","","185"
"Russell Shepard","WR","29","3","0","0","0","0","0","0","0","0","8","3","25","0","0","","","3","","188"
"Anthony Sherman","RB","31","16","0","0","0","0","0","4","9","0","3","2","22","0","0","","","3","","129"
"Cam Sims","WR","23","7","0","0","0","0","0","0","0","0","3","2","27","0","0","","","3","","184"
"Ryan Switzer","WR","25","9","0","0","0","0","0","0","0","0","11","8","27","0","0","","","3","","186"
"Ross Travis","TE","26","3","0","0","0","0","0","0","0","0","6","4","51","0","1","","","3","","94"
"Nick Bawden","RB","23","10","0","0","0","0","0","0","0","0","6","4","17","0","0","","","2","","135"
"Josh Bellamy","WR","30","7","0","0","0","0","0","0","0","0","3","2","20","0","0","","","2","","192"
"Fred Brown","WR","26","13","0","0","0","0","0","0","0","0","3","2","21","0","0","","","2","","191"
"Michael Crabtree","WR","32","2","0","0","0","0","0","0","0","0","5","4","22","0","0","","","2","","189"
"Rashard Davis","WR","25","1","0","0","0","0","0","0","0","0","1","1","16","0","0","","","2","","200"
"Robert Davis","WR","24","6","0","0","0","0","0","0","0","0","5","2","17","0","0","","","2","","197"
"Ashton Dulin","WR","22","13","0","0","0","0","0","0","0","0","2","2","17","0","0","","","2","","196"
"Tyler Ervin","RB","26","10","0","0","0","0","0","1","10","0","4","2","11","0","0","","","2","","133"
"Darius Jennings","WR","27","8","0","0","0","0","0","0","0","0","5","2","17","0","0","","","2","","198"
"Marqise Lee","WR","28","6","0","0","0","0","0","1","1","0","4","3","18","0","0","","","2","","193"
"T.J. Logan","RB","25","12","0","0","0","0","0","3","10","0","3","2","13","0","0","","","2","","132"
"Donte Moncrief","WR","26","8","0","0","0","0","0","0","0","0","15","4","18","0","0","","","2","","194"
"Chris Moore","WR","26","14","0","0","0","0","0","1","0","0","5","3","21","0","0","","","2","","190"
"Stanley Morgan","WR","23","11","0","0","0","0","0","0","0","0","10","3","18","0","0","","","2","","195"
"Josh Oliver","TE","22","4","0","0","0","0","0","0","0","0","6","3","15","0","0","","","2","","100"
"Samaje Perine","RB","24","7","0","0","0","0","0","5","16","0","0","0","0","0","0","","","2","","137"
"Eric Saubert","TE","25","2","0","0","0","0","0","0","0","0","3","2","21","0","0","","","2","","99"
"Keith Smith","RB","27","16","0","0","0","0","0","5","8","0","3","1","13","0","0","","","2","","134"
"Diontae Spencer","WR","27","16","0","0","0","0","0","3","6","0","8","6","31","0","1","","","2","","199"
"Bobo Wilson","WR","24","6","0","0","0","0","0","0","0","0","11","3","35","0","1","","","2","","201"
"Zach Zenner","RB","28","5","0","0","0","0","0","3","-2","0","3","2","19","0","0","","","2","","136"
"Josh Adams","RB","23","3","0","0","0","0","0","8","12","0","0","0","0","0","0","","","1","","139"
"Antony Auclair","TE","26","8","0","0","0","0","0","0","0","0","3","1","11","0","0","","","1","","104"
"Tony Brooks-James","RB","25","3","0","0","0","0","0","8","7","0","0","0","0","0","0","","","1","","147"
"Austin Carr","WR","26","6","0","0","0","0","0","0","0","0","4","1","9","0","0","","","1","","210"
"Sean Culkin","TE","26","4","0","0","0","0","0","0","0","0","2","1","12","0","0","","","1","","102"
"Josh Ferguson","RB","26","2","0","0","0","0","0","3","9","0","0","0","0","0","0","","","1","","144"
"John Franklin","WR","25","1","0","0","0","0","0","1","11","0","0","0","0","0","0","","","1","","207"
"Ryan Grant","WR","29","2","0","0","0","0","0","0","0","0","9","4","14","0","0","","","1","","204"
"Will Grier","QB","24","2","28","52","228","0","4","7","22","0","0","0","0","0","1","","","1","","60"
"Ryan Griffin","QB","30","2","2","4","18","0","0","4","-1","0","0","0","0","0","0","","","1","","62"
"Damien Harris","RB","22","2","0","0","0","0","0","4","12","0","0","0","0","0","0","","","1","","138"
"Dwayne Harris","WR","32","3","0","0","0","0","0","0","0","0","1","1","7","0","0","","","1","","211"
"Chris Herndon","TE","23","1","0","0","0","0","0","0","0","0","2","1","7","0","0","","","1","","109"
"Cody Hollister","WR","26","5","0","0","0","0","0","0","0","0","2","2","13","0","0","","","1","","205"
"Buddy Howell","RB","23","16","0","0","0","0","0","5","10","0","0","0","0","0","0","","","1","","141"
"Jakob Johnson","RB","25","4","0","0","0","0","0","0","0","0","2","1","5","0","0","","","1","","149"
"Charles Jones","TE","23","4","0","0","0","0","0","0","0","0","1","1","5","0","0","","","1","","111"
"John Kelly","RB","23","4","0","0","0","0","0","3","9","0","0","0","0","0","0","","","1","","143"
"Ben Koyack","TE","26","11","0","0","0","0","0","0","0","0","3","1","9","0","0","","","1","","107"
"Chris Manhertz","TE","27","15","0","0","0","0","0","0","0","0","1","1","11","0","0","","","1","","103"
"Josh McCown","QB","40","3","3","5","24","0","0","2","-2","0","0","0","0","0","0","","","1","","61"
"Ryan Nall","RB","24","8","0","0","0","0","0","2","8","0","0","0","0","0","0","","","1","","146"
"Isaac Nauta","TE","22","6","0","0","0","0","0","0","0","0","3","2","13","0","0","","","1","","101"
"Gunner Olszewski","WR","23","8","0","0","0","0","0","0","0","0","4","2","34","0","1","","","1","","203"
"Ricky Ortiz","RB","25","1","0","0","0","0","0","0","0","0","1","1","8","0","0","","","1","","145"
"Jordan Scarlett","RB","23","9","0","0","0","0","0","4","9","0","0","0","0","0","0","","","1","","142"
"Dalton Schultz","TE","23","16","0","0","0","0","0","0","0","0","2","1","6","0","0","","","1","","110"
"Jaleel Scott","WR","24","3","0","0","0","0","0","0","0","0","3","1","6","0","0","","","1","","212"
"Scott Simonson","TE","27","5","0","0","0","0","0","0","0","0","2","2","11","0","0","","","1","","105"
"Jeff Smith","WR","22","1","0","0","0","0","0","0","0","0","2","1","12","0","0","","","1","","206"
"Tyrone Swoopes","TE","25","5","0","0","0","0","0","0","0","0","1","1","5","0","0","","","1","","112"
"De'Anthony Thomas","WR","26","14","0","0","0","0","0","2","5","0","2","1","6","0","0","","","1","","208"
"Jordan Thomas","TE","23","5","0","0","0","0","0","0","0","0","3","1","8","0","0","","","1","","108"
"Mike Thomas","WR","25","16","0","0","0","0","0","0","0","0","5","2","14","0","0","","","1","","202"
"Levine Toilolo","TE","28","13","0","0","0","0","0","0","0","0","2","2","10","0","0","","","1","","106"
"De'Lance Turner","RB","24","8","0","0","0","0","0","4","6","0","0","0","0","0","0","","","1","","148"
"John Ursua","WR","25","3","0","0","0","0","0","0","0","0","1","1","11","0","0","","","1","","209"
"Dexter Williams","RB","22","4","0","0","0","0","0","5","11","0","0","0","0","0","0","","","1","","140"
"Jerell Adams","","27","1","0","0","0","0","0","0","0","0","0","0","0","0","0","","","","","125"
"Stephen Anderson","","26","1","0","0","0","0","0","0","0","0","0","0","0","0","0","","","","","120"
"Evan Baylis","","26","5","0","0","0","0","0","0","0","0","0","0","0","0","0","","","","","130"
"Kendall Blanton","","24","1","0","0","0","0","0","0","0","0","0","0","0","0","0","","","","","117"
"Tim Boyle","QB","25","3","3","4","15","0","0","5","-7","0","0","0","0","0","0","","","","","68"
"Deante Burton","","25","3","0","0","0","0","0","0","0","0","0","0","0","0","0","","","","","224"
"Trenton Cannon","","25","4","0","0","0","0","0","0","0","0","0","0","0","0","0","","","","","156"
"Garrett Celek","","31","5","0","0","0","0","0","0","0","0","0","0","0","0","0","","","","","121"
"Jordan Chunn","","24","1","0","0","0","0","0","0","0","0","0","0","0","0","0","","","","","163"
"Chandler Cox","","23","13","0","0","0","0","0","0","0","0","0","0","0","0","0","","","","","164"
"River Cracraft","","25","1","0","0","0","0","0","0","0","0","0","0","0","0","0","","","","","234"
"Jerome Cunningham","","28","2","0","0","0","0","0","0","0","0","0","0","0","0","0","","","","","119"
"Darrell Daniels","TE","25","11","0","0","0","0","0","0","0","0","3","1","4","0","0","","","","","113"
"Davion Davis","","23","2","0","0","0","0","0","0","0","0","0","0","0","0","0","","","","","238"
"James Develin","RB","31","2","0","0","0","0","0","2","3","0","0","0","0","0","0","","","","","153"
"Garrett Dickerson","","24","4","0","0","0","0","0","0","0","0","0","0","0","0","0","","","","","134"
"Gehrig Dieter","","26","2","0","0","0","0","0","0","0","0","0","0","0","0","0","","","","","231"
"Brandon Dillon","","22","1","0","0","0","0","0","0","0","0","0","0","0","0","0","","","","","122"
"Josh Doctson","","27","1","0","0","0","0","0","0","0","0","0","0","0","0","0","","","","","221"
"Quinton Dunbar","","27","11","0","0","0","0","0","0","0","0","0","0","0","0","0","","","","","222"
"Alex Ellis","","26","3","0","0","0","0","0","0","0","0","0","0","0","0","0","","","","","118"
"David Fales","","29","2","0","0","0","0","0","0","0","0","0","0","0","0","0","","","","","67"
"David Fluellen","","27","2","0","0","0","0","0","0","0","0","0","0","0","0","0","","","","","160"
"D.J. Foster","","26","6","0","0","0","0","0","0","0","0","0","0","0","0","0","","","","","162"
"Travis Fulgham","","24","3","0","0","0","0","0","0","0","0","3","0","0","0","0","","","","","226"
"Zach Gentry","TE","23","4","0","0","0","0","0","0","0","0","1","1","4","0","0","","","","","114"
"Garrett Gilbert","QB","28","5","0","3","0","0","0","3","-3","0","0","0","0","0","0","","","","","70"
"Cullen Gillaspia","","24","16","0","0","0","0","0","0","0","0","0","0","0","0","0","","","","","161"
"C.J. Goodwin","","29","16","0","0","0","0","0","0","0","0","0","0","0","0","0","","","","","237"
"Cyril Grayson","WR","26","2","0","0","0","0","0","0","0","0","1","1","3","0","0","","","","","214"
"Xavier Grimble","TE","27","3","0","0","0","0","0","0","0","0","3","1","3","0","0","","","","","115"
"Jalen Guyton","","22","3","0","0","0","0","0","0","0","0","2","0","0","0","0","","","","","218"
"Justin Hardee","","25","16","0","0","0","0","0","0","0","0","1","0","0","0","0","","","","","233"
"Clark Harris","","35","16","0","0","0","0","0","0","0","0","0","0","0","0","0","","","","","127"
"Krishawn Hogan","WR","24","8","0","0","0","0","0","0","0","0","1","1","4","0","0","","","","","213"
"Lil'Jordan Humphrey","","21","5","0","0","0","0","0","0","0","0","1","0","0","0","0","","","","","227"
"Trenton Irwin","","24","1","0","0","0","0","0","0","0","0","0","0","0","0","0","","","","","219"
"Gary Jennings","","22","1","0","0","0","0","0","0","0","0","0","0","0","0","0","","","","","229"
"Tom Kennedy","","23","1","0","0","0","0","0","0","0","0","0","0","0","0","0","","","","","230"
"Darvin Kidsy","","24","3","0","0","0","0","0","0","0","0","0","0","0","0","0","","","","","228"
"Keith Kirkwood","","26","1","0","0","0","0","0","0","0","0","0","0","0","0","0","","","","","220"
"Matt Lengel","","29","1","0","0","0","0","0","0","0","0","0","0","0","0","0","","","","","124"
"Josh Malone","","23","2","0","0","0","0","0","0","0","0","0","0","0","0","0","","","","","235"
"Jeremy McNichols","","24","1","0","0","0","0","0","0","0","0","0","0","0","0","0","","","","","165"
"Trace McSorley","QB","24","1","0","0","0","0","0","1","1","0","0","0","0","0","0","","","","","64"
"Carson Meier","","24","1","0","0","0","0","0","0","0","0","0","0","0","0","0","","","","","131"
"Jaydon Mickens","","25","1","0","0","0","0","0","0","0","0","0","0","0","0","0","","","","","240"
"Alfred Morris","RB","31","1","0","0","0","0","0","1","4","0","0","0","0","0","0","","","","","152"
"Nick Mullens","QB","24","1","0","0","0","0","0","3","-3","0","0","0","0","0","0","","","","","69"
"Jojo Natson","","25","12","0","0","0","0","0","0","0","0","0","0","0","0","0","","","","","236"
"Roosevelt Nix","RB","27","3","0","0","0","0","0","0","0","0","3","2","4","0","0","","","","","150"
"Jamize Olawale","","30","16","0","0","0","0","0","0","0","0","2","0","0","0","0","","","","","2"
"Matthew Orzech","","24","16","0","0","0","0","0","0","0","0","0","0","0","0","0","","","","","128"
"Senorise Perry","RB","28","11","0","0","0","0","0","3","3","0","1","1","1","0","0","","","","","151"
"Craig Reynolds","","23","3","0","0","0","0","0","0","0","0","0","0","0","0","0","","","","","157"
"Richard Rodgers","","27","1","0","0","0","0","0","0","0","0","0","0","0","0","0","","","","","132"
"Cooper Rush","","26","2","0","0","0","0","0","0","0","0","0","0","0","0","0","","","","","66"
"Spencer Schnell","","25","1","0","0","0","0","0","0","0","0","0","0","0","0","0","","","","","215"
"Mason Schreck","","26","2","0","0","0","0","0","0","0","0","0","0","0","0","0","","","","","129"
"Trevor Siemian","QB","28","1","3","6","3","0","0","0","0","0","0","0","0","0","0","","","","","63"
"Matthew Slater","","34","16","0","0","0","0","0","0","0","0","0","0","0","0","0","","","","","217"
"Rod Smith","","27","6","0","0","0","0","0","0","0","0","0","0","0","0","0","","","","","159"
"Nate Solder","","31","16","0","0","0","0","0","0","0","0","0","0","0","0","0","","","","","133"
"Jace Sternberger","","23","6","0","0","0","0","0","0","0","0","1","0","0","0","0","","","","","123"
"Alex Tanney","QB","32","1","1","1","1","0","0","0","0","0","0","0","0","0","0","","","","","65"
"Taywan Taylor","","24","3","0","0","0","0","0","0","0","0","1","0","0","0","0","","","","","232"
"Eric Tomlinson","TE","27","8","0","0","0","0","0","0","0","0","1","1","1","0","0","","","","","116"
"Robert Turbin","","30","1","0","0","0","0","0","0","0","0","0","0","0","0","0","","","","","158"
"Jason Vander Laan","","27","2","0","0","0","0","0","0","0","0","0","0","0","0","0","","","","","126"
"Austin Walter","","23","1","0","0","0","0","0","0","0","0","0","0","0","0","0","","","","","154"
"Jester Weah","","24","1","0","0","0","0","0","0","0","0","0","0","0","0","0","","","","","239"
"Nsimba Webster","","23","5","0","0","0","0","0","0","0","0","0","0","0","0","0","","","","","216"
"Chad Williams","","25","1","0","0","0","0","0","0","0","0","1","0","0","0","0","","","","","225"
"Trayveon Williams","","22","11","0","0","0","0","0","0","0","0","0","0","0","0","0","","","","","155"
"Juwann Winfree","","23","3","0","0","0","0","0","0","0","0","0","0","0","0","0","","","","","223"
"Blake Bortles","QB","27","3","1","2","3","0","0","2","-9","0","0","0","0","0","0","","","-1","","71"
"Sean Mannion","QB","27","3","12","21","126","0","2","6","-5","0","0","0","0","0","1","","","-1","","72"
"Greg Dortch","","21","2","0","0","0","0","0","0","0","0","0","0","0","0","1","","","-2","","243"
"Quincy Enunwa","WR","27","1","0","0","0","0","0","0","0","0","3","1","-4","0","1","","","-2","","244"
"Ray-Ray McCloud","","23","6","0","0","0","0","0","0","0","0","0","0","0","0","1","","","-2","","242"
"Darrius Shepherd","WR","24","6","0","0","0","0","0","0","0","0","2","1","1","0","1","","","-2","","241"
"Jarrett Stidham","QB","23","3","2","4","14","0","1","2","-2","0","0","0","0","0","0","","","-2","","73"
"Michael Walker","WR","23","7","0","0","0","0","0","0","0","0","3","2","15","0","2","","","-3","","245"
"Corey Clement","","25","4","0","0","0","0","0","0","0","0","0","0","0","0","2","","","-4","","166"
